resnam,resnum,wcnSC,wcnCA
SER,1,0.719661599142,0.756175428256
THR,2,0.934083553575,1.01338110433
LEU,3,1.11293493824,1.14635963317
ARG,4,0.979156327264,1.25613065593
PHE,5,1.33501240321,1.38494806605
VAL,6,1.35691034864,1.46542705216
ALA,7,1.4888320566,1.55863388198
VAL,8,1.50315591165,1.61276079721
GLY,9,1.62803424113,1.7053399478
ASP,10,1.53166566867,1.59314732077
TRP,11,1.43101455507,1.53043421083
GLY,12,1.42061365099,1.46475015671
GLY,13,1.29903975586,1.31582397749
VAL,14,0.956347612086,1.09813555802
PRO,15,0.858448745124,0.925309022709
ASN,16,0.637329811465,0.793137224255
ALA,17,0.64520519809,0.801079976592
PRO,18,0.711108749659,0.846489701208
PHE,19,0.858039247648,1.08543775112
HIS,20,0.973975159661,1.16785702992
THR,21,1.05717634518,1.07106716033
ALA,22,0.79792667168,0.960725154495
ARG,23,1.00929363943,1.22953719769
GLU,24,1.27524510388,1.35854117907
MET,25,0.9265877967,1.16229117931
ALA,26,1.0597453142,1.17880502651
ASN,27,1.3568416234,1.39947313799
ALA,28,1.1847581512,1.30219386958
LYS,29,0.781684455863,1.12885341195
GLU,30,1.10635315081,1.21682917328
ILE,31,1.32275675874,1.32219282404
ALA,32,1.10675289049,1.21077138962
ARG,33,0.807574832121,1.06032535123
THR,34,1.11329933819,1.16479078908
VAL,35,1.08819861759,1.18294078606
GLN,36,0.777773750094,0.921810967117
ILE,37,0.716637680565,0.851351333945
MET,38,0.872133522962,0.943750386896
GLY,39,0.923856130046,1.045228789
ALA,40,1.13466040562,1.18248952328
ASP,41,0.988332322168,1.10221488957
PHE,42,1.20895727239,1.28263115816
ILE,43,1.31597514785,1.43238515119
MET,44,1.43141883547,1.51185614485
SER,45,1.47865314177,1.57449489428
LEU,46,1.60028953429,1.68311141267
GLY,47,1.62802525467,1.66894148292
ASP,48,1.51796323248,1.56614447456
ASN,49,1.48396279846,1.49107292847
PHE,50,1.28748992294,1.41599379057
TYR,51,1.29348199453,1.32240598674
PHE,52,0.934336118202,1.13628522717
THR,53,0.896861690583,1.1278052514
GLY,54,1.21921532351,1.32572652531
VAL,55,1.15659157272,1.13764639821
HIS,56,0.676916249808,0.897720922906
ASP,57,0.793676875844,0.926388526951
ALA,58,0.918444467851,0.997536858772
ASN,59,0.644642449682,0.813059136597
ASP,60,0.893844390339,0.931305635969
LYS,61,0.565054306187,0.875814495328
ARG,62,1.01207018689,1.10375811925
PHE,63,1.11615430664,1.1479997147
GLN,64,0.75443525404,1.04101374771
GLU,65,0.822738893557,1.04636336931
THR,66,1.18141938457,1.24898515525
PHE,67,1.19974741112,1.25825446013
GLU,68,0.964630984174,1.10892161399
ASP,69,0.805330656363,0.983964886748
VAL,70,1.09274478369,1.11811416646
PHE,71,1.24512651753,1.1907796679
SER,72,0.845640158058,1.00672301085
ASP,73,0.882493838558,0.949779355113
ARG,74,0.508286353519,0.823912001044
ALA,75,0.922743882255,0.981874570556
LEU,76,1.14542837357,1.14213272542
ARG,77,0.68917448906,0.979377878006
ASN,78,0.672099037028,0.898842497796
ILE,79,1.01857070862,1.10594845139
PRO,80,0.944695511922,1.18651484358
TRP,81,1.27332141853,1.35933257246
TYR,82,1.17380315253,1.3866805458
VAL,83,1.38564212191,1.4575266818
LEU,84,1.50887127292,1.49354498562
ALA,85,1.4534445232,1.48611196126
GLY,86,1.60449998887,1.55909739574
ASN,87,1.33930433688,1.3571073181
HIS,88,1.21727727635,1.33772049482
ASP,89,1.44292208724,1.44006895706
HIS,90,1.24385853332,1.23356911502
LEU,91,0.995067201385,1.08104573788
GLY,92,1.00563108486,1.1196350747
ASN,93,0.933311873106,1.07613319394
VAL,94,1.21204371773,1.21189250847
SER,95,0.899031728377,1.03972031983
ALA,96,1.07503104537,1.14148998951
GLN,97,1.29439436715,1.26842457863
ILE,98,1.05113542615,1.20557703672
ALA,99,0.872444118808,1.01538253031
TYR,100,1.06736741674,1.12432720854
SER,101,0.968884319615,1.13905335321
LYS,102,0.628382672253,0.859617419701
ILE,103,0.75162240591,0.854081145761
SER,104,0.913817808762,0.972241339925
LYS,105,0.625520788583,0.896744787156
ARG,106,0.955887171038,1.11953356618
TRP,107,1.21632237234,1.23408471998
ASN,108,1.02079952144,1.22140119197
PHE,109,1.26488140939,1.27938012554
PRO,110,0.965927016167,1.0313975432
SER,111,0.983260363566,1.06981840588
PRO,112,1.05420335065,1.18302680345
TYR,113,1.07072519918,1.2687180161
TYR,114,1.15270707147,1.16133309062
ARG,115,0.960148845952,1.14556448832
LEU,116,1.12781612207,1.12725829228
ARG,117,0.726149891023,1.04280682134
PHE,118,1.03271169159,1.03764531667
LYS,119,0.61660531844,0.935233492634
VAL,120,0.944745698604,0.977967740162
PRO,121,0.712766089692,0.772614464074
ARG,122,0.454114622362,0.643601653044
SER,123,0.734438164646,0.768897037791
ASN,124,0.543605989064,0.744949140067
ILE,125,0.944573223042,0.978019876455
THR,126,0.850537171678,1.07312965107
VAL,127,1.16580196691,1.23781742901
ALA,128,1.17566917118,1.27190329918
ILE,129,1.29381960579,1.37244794468
PHE,130,1.2090185978,1.38833043802
MET,131,1.35879393799,1.45078091973
LEU,132,1.33675444542,1.45275231592
ASP,133,1.32678854341,1.42833124961
THR,134,1.4492664662,1.45572925839
VAL,135,1.33889335452,1.38128201959
MET,136,1.11504057035,1.2382958391
LEU,137,1.26854358726,1.30554328455
CYS,138,1.27491905929,1.29425772373
GLY,139,1.12082882116,1.26513234
ASN,140,1.14684569012,1.20287488499
SER,141,1.17976596977,1.20624915465
ASP,142,1.00838181811,0.99346273331
ASP,143,0.826031851785,0.869815465642
PHE,144,0.855721048503,0.878957957209
VAL,145,0.527926988542,0.701639851907
SER,146,0.732011627966,0.78315225547
GLN,147,0.790018893014,0.975760566654
GLN,148,0.959556592553,1.07938108251
PRO,149,1.22465614781,1.21507867639
GLU,150,0.835771574781,0.960166783579
MET,151,0.725563446206,0.976522645914
PRO,152,0.964459968243,1.11774231244
ARG,153,0.779700941431,0.858900425088
ASP,154,0.724464099865,0.845449574542
LEU,155,0.688816845925,0.861301681775
GLY,156,0.69854165099,0.799088278227
VAL,157,0.861667221462,0.955358435583
ALA,158,1.01961868594,1.14638419496
ARG,159,0.621882363856,0.974233567833
THR,160,0.761447194993,0.949976762641
GLN,161,1.16314569471,1.12841547305
LEU,162,1.04591485351,1.13895235768
SER,163,0.787072156917,0.968830617953
TRP,164,0.96759753036,1.00745389058
LEU,165,1.17765335226,1.16545033679
LYS,166,0.767007209933,1.05246762499
LYS,167,0.633226023248,0.90658744102
GLN,168,0.870439060491,1.00853126237
LEU,169,1.1092919049,1.09339805761
ALA,170,0.748916618002,0.867394025809
ALA,171,0.704232747826,0.809969008066
ALA,172,0.953271562207,0.969352763393
LYS,173,0.55340150379,0.838693156751
GLU,174,0.990360951871,1.04876378576
ASP,175,0.926012242137,1.07402860244
TYR,176,1.10998936377,1.25718141651
VAL,177,1.21006617387,1.34810232599
LEU,178,1.34764717483,1.44117863891
VAL,179,1.35739720901,1.47403202178
ALA,180,1.50192482133,1.56692521757
GLY,181,1.52875539571,1.58841973443
HIS,182,1.57630652546,1.62229565003
TYR,183,1.42964255155,1.48682596822
PRO,184,1.42849580793,1.48583140142
ILE,185,1.30729626248,1.3864006564
TRP,186,1.12509167076,1.32816708991
SER,187,1.35416387951,1.36337450332
ILE,188,1.12053375194,1.26598356248
ALA,189,1.26178015756,1.29196651358
GLU,190,1.00266278869,1.10738997729
HIS,191,1.16822221896,1.1592394288
GLY,192,1.2355791728,1.27733182564
PRO,193,1.10289722416,1.27553228904
THR,194,1.26705023543,1.27012303568
ARG,195,0.801885947337,1.05571479007
CYS,196,1.06069688811,1.1229260246
LEU,197,1.3316246374,1.30687435399
VAL,198,1.03417658239,1.16578576676
LYS,199,0.727171683979,0.97224991549
ASN,200,0.912124241898,1.05414693679
LEU,201,1.26324201469,1.22995291226
ARG,202,1.00854172561,1.21450788231
PRO,203,0.898196092799,1.01518466471
LEU,204,1.03305811433,1.1239156687
LEU,205,1.24757433619,1.24161400747
ALA,206,0.94598819228,1.04717368013
ALA,207,0.837155603837,0.918970623889
TYR,208,0.891650991689,0.997791410286
GLY,209,0.928812518189,1.07690650858
VAL,210,1.24385352981,1.29321057007
THR,211,1.21977440351,1.3184602376
ALA,212,1.37622536129,1.4411057179
TYR,213,1.42894353717,1.50300784446
LEU,214,1.48293611867,1.58854067918
CYS,215,1.54867185417,1.66205896131
GLY,216,1.62901297545,1.69404470546
HIS,217,1.41312984452,1.487250414
ASP,218,1.3999237534,1.4000290652
HIS,219,1.26937087882,1.44001043393
ASN,220,1.33187635112,1.48310544578
LEU,221,1.38209904365,1.47551684282
GLN,222,1.33668395389,1.42676153885
TYR,223,1.18396407668,1.37093240192
LEU,224,1.18657951687,1.32161431111
GLN,225,1.02373607927,1.20318689264
ASP,226,1.06558602984,1.0637849209
GLU,227,0.678907514602,0.827409203725
ASN,228,0.851806547777,0.896767871377
GLY,229,0.912063843345,1.00904601777
VAL,230,1.19947867092,1.2447879788
GLY,231,1.29772385776,1.36080799118
TYR,232,1.27567490144,1.45960204843
VAL,233,1.40505062628,1.51995625525
LEU,234,1.48320377708,1.59666151194
SER,235,1.56466370075,1.65401592453
GLY,236,1.58552311839,1.68520615681
ALA,237,1.49472524616,1.58564902835
GLY,238,1.47938727304,1.56302674202
ASN,239,1.32623635803,1.3981153076
PHE,240,1.11720893759,1.23689258223
MET,241,1.2257343386,1.26129573323
ASP,242,1.07027347371,1.13998963758
PRO,243,0.919776280911,1.05883829963
SER,244,0.941388627759,0.998939716196
VAL,245,0.850397865669,1.042453851
ARG,246,0.774684391997,0.943803350596
HIS,247,0.97575064693,1.06470424231
GLN,248,0.812075789576,1.0383852536
ARG,249,0.50375772765,0.80083274332
LYS,250,0.679159599778,0.907104572577
VAL,251,1.01536601223,1.02706337969
PRO,252,0.844775336336,0.854067956224
ASN,253,0.565170294133,0.759432776565
GLY,254,0.687372745804,0.806803538848
TYR,255,0.96269508623,1.07267234803
LEU,256,0.962126486889,1.09516540643
ARG,257,0.858130540151,1.02705720916
PHE,258,1.06200952699,1.12699707302
HIS,259,1.07288313258,1.16070432225
TYR,260,1.04746661595,1.14405721854
GLY,261,1.17576278487,1.25305306145
SER,262,0.922269966372,1.00874356744
GLU,263,0.788086879038,0.94905034823
ASP,264,0.684986194851,0.80999079401
SER,265,1.07771464097,1.02539987711
LEU,266,0.960225358975,1.14274488031
GLY,267,1.36160378475,1.39582797871
GLY,268,1.45189016528,1.48787999309
PHE,269,1.37269971794,1.5249808041
THR,270,1.42539196011,1.49243571594
TYR,271,1.16342023586,1.38744502105
VAL,272,1.31476603464,1.36010936208
GLU,273,1.03184877261,1.23298423787
ILE,274,1.21290224673,1.22723162681
GLY,275,0.980287719131,1.03670136981
SER,276,0.756787602104,0.86892318604
LYS,277,0.586062434628,0.83348207629
GLU,278,0.842878708823,1.06227241452
MET,279,1.24451015914,1.24051532067
SER,280,1.02384956132,1.19682243092
ILE,281,1.26693223629,1.30303687865
THR,282,1.04744970352,1.26676924438
TYR,283,1.26927743405,1.35059989539
VAL,284,1.14579118885,1.30144073301
GLU,285,1.13819657633,1.28157197028
ALA,286,1.31551248069,1.3056126486
SER,287,0.965266604008,0.985171485963
GLY,288,0.942470154736,0.953893675707
LYS,289,0.730844160779,0.929602753979
SER,290,0.793264586729,0.969676667955
LEU,291,1.04414832221,1.04182360037
PHE,292,0.965463879639,1.05710166375
LYS,293,0.781135482875,1.02720685032
THR,294,1.02331823431,1.02085433861
SER,295,0.925719417534,1.08658081018
LEU,296,1.14984753368,1.1062769021
PRO,297,0.789724827108,0.978262369236
ARG,298,0.775093704269,1.03111380265
ARG,299,0.92037474432,1.00422659754
PRO,300,0.652950144452,0.70608236401
